88
88
87
85
84
84
83
82
81
81
80
80
80
80
79
79
79
79
79
79
79
79
77
75
75
74
73
73
73
71
71
71
71
71
71
70
70
69
69
68
68
68
68
67
67
67
66
66
65
65
64
64
62
61
61
60
59
59
59
59
59
59
58
58
56
56
56
55
53
53
52
52
51
51
51
51
51
51
51
51
51
51
51
51
51
51
50
50
50
49
49
48
48
47
47
45
43
43
43
42
39
37
37
37
36
35
35
35
35
35
35
35
35
34
33
33
33
33
33
33
31
29
28
28
28
27
27
27
27
23
23
22
22
21
20
20
19
19
16
15
14
14
14
13
12
12
10
10
8
8
8
7
6
5
4
4
2
1
1
1
1
1
1
1
1
1
1
1
1
1
1
1
1
1
1
1
1
1
1
1
1
1
1
1
1
1
1
1
1
1
1
1
1
1
1
1
1
1
1
1